image: vinay_sir_cabin_n.pgm
resolution: 0.055000
origin: [-56.347504, -56.347504, 0.000000]
negate: 0
occupied_thresh: 0.65
free_thresh: 0.196

